{
  "nbformat": 4,
  "nbformat_minor": 0,
  "metadata": {
    "colab": {
      "provenance": [],
      "authorship_tag": "ABX9TyOGMMXFgRIx/eFpzTPJuGJw",
      "include_colab_link": true
    },
    "kernelspec": {
      "name": "python3",
      "display_name": "Python 3"
    },
    "language_info": {
      "name": "python"
    }
  },
  "cells": [
    {
      "cell_type": "markdown",
      "metadata": {
        "id": "view-in-github",
        "colab_type": "text"
      },
      "source": [
        "<a href=\"https://colab.research.google.com/github/Tamara0409/python/blob/main/2023_08_23_ternas_pitagoricas.ipynb\" target=\"_parent\"><img src=\"https://colab.research.google.com/assets/colab-badge.svg\" alt=\"Open In Colab\"/></a>"
      ]
    },
    {
      "cell_type": "markdown",
      "source": [
        "TERNAS PITAGORICAS"
      ],
      "metadata": {
        "id": "j7Ms5DyaVM_h"
      }
    },
    {
      "cell_type": "code",
      "execution_count": 3,
      "metadata": {
        "colab": {
          "base_uri": "https://localhost:8080/"
        },
        "id": "CJUYssQWNgyg",
        "outputId": "9159e7e3-9a42-4dad-a76f-0da2cf3a1f88"
      },
      "outputs": [
        {
          "output_type": "stream",
          "name": "stdout",
          "text": [
            "9 16 25\n",
            "16 9 25\n",
            "25 144 169\n",
            "36 64 100\n",
            "49 576 625\n",
            "64 36 100\n",
            "64 225 289\n",
            "81 144 225\n",
            "81 1600 1681\n",
            "100 576 676\n",
            "121 3600 3721\n",
            "144 25 169\n",
            "144 81 225\n",
            "144 256 400\n",
            "144 1225 1369\n",
            "169 7056 7225\n",
            "196 2304 2500\n",
            "225 64 289\n",
            "225 400 625\n",
            "225 1296 1521\n",
            "225 12544 12769\n",
            "256 144 400\n",
            "256 900 1156\n",
            "256 3969 4225\n",
            "289 20736 21025\n",
            "324 576 900\n",
            "324 6400 6724\n",
            "361 32400 32761\n",
            "400 225 625\n",
            "400 441 841\n",
            "400 2304 2704\n",
            "400 9801 10201\n",
            "441 400 841\n",
            "441 784 1225\n",
            "441 5184 5625\n",
            "441 48400 48841\n",
            "484 14400 14884\n",
            "529 69696 70225\n",
            "576 49 625\n",
            "576 100 676\n",
            "576 324 900\n",
            "576 1024 1600\n",
            "576 2025 2601\n",
            "576 4900 5476\n",
            "576 20449 21025\n",
            "625 3600 4225\n",
            "625 97344 97969\n",
            "676 28224 28900\n",
            "729 1296 2025\n",
            "729 14400 15129\n",
            "729 132496 133225\n",
            "784 441 1225\n",
            "784 2025 2809\n",
            "784 9216 10000\n",
            "784 38025 38809\n",
            "841 176400 177241\n",
            "900 256 1156\n",
            "900 1600 2500\n",
            "900 5184 6084\n",
            "900 50176 51076\n",
            "961 230400 231361\n",
            "1024 576 1600\n",
            "1024 3600 4624\n",
            "1024 15876 16900\n",
            "1024 65025 66049\n",
            "1089 1936 3025\n",
            "1089 3136 4225\n",
            "1089 32400 33489\n",
            "1089 295936 297025\n",
            "1156 82944 84100\n",
            "1225 144 1369\n",
            "1225 7056 8281\n",
            "1225 14400 15625\n",
            "1225 374544 375769\n",
            "1296 225 1521\n",
            "1296 729 2025\n",
            "1296 2304 3600\n",
            "1296 5929 7225\n",
            "1296 11025 12321\n",
            "1296 25600 26896\n",
            "1296 104329 105625\n",
            "1369 467856 469225\n",
            "1444 129600 131044\n",
            "1521 2704 4225\n",
            "1521 6400 7921\n",
            "1521 63504 65025\n",
            "1521 577600 579121\n",
            "1600 81 1681\n",
            "1600 900 2500\n",
            "1600 1764 3364\n",
            "1600 5625 7225\n",
            "1600 9216 10816\n",
            "1600 39204 40804\n",
            "1600 159201 160801\n",
            "1681 705600 707281\n",
            "1764 1600 3364\n",
            "1764 3136 4900\n",
            "1764 20736 22500\n",
            "1764 193600 195364\n",
            "1849 853776 855625\n",
            "1936 1089 3025\n",
            "1936 13689 15625\n",
            "1936 57600 59536\n",
            "1936 233289 235225\n",
            "2025 576 2601\n",
            "2025 784 2809\n",
            "2025 3600 5625\n",
            "2025 11664 13689\n",
            "2025 40000 42025\n",
            "2025 112896 114921\n",
            "2116 278784 280900\n",
            "2304 196 2500\n",
            "2304 400 2704\n",
            "2304 1296 3600\n",
            "2304 3025 5329\n",
            "2304 4096 6400\n",
            "2304 8100 10404\n",
            "2304 19600 21904\n",
            "2304 35721 38025\n",
            "2304 81796 84100\n",
            "2304 330625 332929\n",
            "2401 28224 30625\n",
            "2500 14400 16900\n",
            "2500 389376 391876\n",
            "2601 4624 7225\n",
            "2601 19600 22201\n",
            "2601 186624 189225\n",
            "2704 1521 4225\n",
            "2704 27225 29929\n",
            "2704 112896 115600\n",
            "2704 455625 458329\n",
            "2916 5184 8100\n",
            "2916 57600 60516\n",
            "2916 529984 532900\n",
            "3025 2304 5329\n",
            "3025 17424 20449\n",
            "3025 90000 93025\n",
            "3136 1089 4225\n",
            "3136 1764 4900\n",
            "3136 8100 11236\n",
            "3136 11025 14161\n",
            "3136 36864 40000\n",
            "3136 152100 155236\n",
            "3136 613089 616225\n",
            "3249 5776 9025\n",
            "3249 30976 34225\n",
            "3249 291600 294849\n",
            "3364 705600 708964\n",
            "3600 121 3721\n",
            "3600 625 4225\n",
            "3600 1024 4624\n",
            "3600 2025 5625\n",
            "3600 3969 7569\n",
            "3600 6400 10000\n",
            "3600 8281 11881\n",
            "3600 20736 24336\n",
            "3600 30625 34225\n",
            "3600 48841 52441\n",
            "3600 88209 91809\n",
            "3600 200704 204304\n",
            "3600 808201 811801\n",
            "3844 921600 925444\n",
            "3969 256 4225\n",
            "3969 3600 7569\n",
            "3969 7056 11025\n",
            "3969 46656 50625\n",
            "3969 78400 82369\n",
            "3969 435600 439569\n",
            "4096 2304 6400\n",
            "4096 14400 18496\n",
            "4096 63504 67600\n",
            "4096 260100 264196\n",
            "4225 5184 9409\n",
            "4225 24336 28561\n",
            "4225 176400 180625\n",
            "4356 7744 12100\n",
            "4356 12544 16900\n",
            "4356 129600 133956\n",
            "4624 2601 7225\n",
            "4624 81225 85849\n",
            "4624 331776 336400\n",
            "4761 8464 13225\n",
            "4761 67600 72361\n",
            "4761 627264 632025\n",
            "4900 576 5476\n",
            "4900 28224 33124\n",
            "4900 57600 62500\n",
            "5184 441 5625\n",
            "5184 900 6084\n",
            "5184 2916 8100\n",
            "5184 4225 9409\n",
            "5184 9216 14400\n",
            "5184 18225 23409\n",
            "5184 23716 28900\n",
            "5184 44100 49284\n",
            "5184 102400 107584\n",
            "5184 184041 189225\n",
            "5184 417316 422500\n",
            "5625 1600 7225\n",
            "5625 10000 15625\n",
            "5625 32400 38025\n",
            "5625 94864 100489\n",
            "5625 313600 319225\n",
            "5625 876096 881721\n",
            "5776 3249 9025\n",
            "5776 127449 133225\n",
            "5776 518400 524176\n",
            "5929 1296 7225\n",
            "5929 69696 75625\n",
            "5929 176400 182329\n",
            "6084 10816 16900\n",
            "6084 25600 31684\n",
            "6084 254016 260100\n",
            "6400 324 6724\n",
            "6400 1521 7921\n",
            "6400 3600 10000\n",
            "6400 7056 13456\n",
            "6400 22500 28900\n",
            "6400 36864 43264\n",
            "6400 99225 105625\n",
            "6400 156816 163216\n",
            "6400 636804 643204\n",
            "6561 11664 18225\n",
            "6561 129600 136161\n",
            "7056 169 7225\n",
            "7056 1225 8281\n",
            "7056 3969 11025\n",
            "7056 6400 13456\n",
            "7056 12544 19600\n",
            "7056 18225 25281\n",
            "7056 34969 42025\n",
            "7056 60025 67081\n",
            "7056 82944 90000\n",
            "7056 190969 198025\n",
            "7056 342225 349281\n",
            "7056 774400 781456\n",
            "7225 17424 24649\n",
            "7225 41616 48841\n",
            "7225 518400 525625\n",
            "7569 13456 21025\n",
            "7569 173056 180625\n",
            "7744 4356 12100\n",
            "7744 11025 18769\n",
            "7744 27225 34969\n",
            "7744 54756 62500\n",
            "7744 230400 238144\n",
            "7744 933156 940900\n",
            "8100 2304 10404\n",
            "8100 3136 11236\n",
            "8100 14400 22500\n",
            "8100 46656 54756\n",
            "8100 160000 168100\n",
            "8100 451584 459684\n",
            "8281 3600 11881\n",
            "8281 97344 105625\n",
            "8281 345744 354025\n",
            "8464 4761 13225\n",
            "8464 275625 284089\n",
            "8649 15376 24025\n",
            "8649 226576 235225\n",
            "9025 28224 37249\n",
            "9025 51984 61009\n",
            "9025 810000 819025\n",
            "9216 784 10000\n",
            "9216 1600 10816\n",
            "9216 5184 14400\n",
            "9216 12100 21316\n",
            "9216 16384 25600\n",
            "9216 32400 41616\n",
            "9216 61009 70225\n",
            "9216 78400 87616\n",
            "9216 142884 152100\n",
            "9216 327184 336400\n",
            "9216 585225 594441\n",
            "9604 112896 122500\n",
            "9801 400 10201\n",
            "9801 17424 27225\n",
            "9801 28224 38025\n",
            "9801 193600 203401\n",
            "9801 291600 301401\n",
            "10000 5625 15625\n",
            "10000 11025 21025\n",
            "10000 57600 67600\n",
            "10000 245025 255025\n",
            "10000 385641 395641\n",
            "10404 18496 28900\n",
            "10404 78400 88804\n",
            "10404 746496 756900\n",
            "10816 6084 16900\n",
            "10816 23409 34225\n",
            "10816 38025 48841\n",
            "10816 108900 119716\n",
            "10816 451584 462400\n",
            "11025 1296 12321\n",
            "11025 3136 14161\n",
            "11025 7744 18769\n",
            "11025 10000 21025\n",
            "11025 19600 30625\n",
            "11025 43264 54289\n",
            "11025 63504 74529\n",
            "11025 129600 140625\n",
            "11025 369664 380689\n",
            "11025 614656 625681\n",
            "11664 2025 13689\n",
            "11664 6561 18225\n",
            "11664 20736 32400\n",
            "11664 53361 65025\n",
            "11664 99225 110889\n",
            "11664 230400 242064\n",
            "11664 525625 537289\n",
            "11664 938961 950625\n",
            "12100 9216 21316\n",
            "12100 69696 81796\n",
            "12100 360000 372100\n",
            "12321 21904 34225\n",
            "12321 462400 474721\n",
            "12544 225 12769\n",
            "12544 4356 16900\n",
            "12544 7056 19600\n",
            "12544 32400 44944\n",
            "12544 44100 56644\n",
            "12544 147456 160000\n",
            "12544 194481 207025\n",
            "12544 608400 620944\n",
            "12996 23104 36100\n",
            "12996 123904 136900\n",
            "13225 63504 76729\n",
            "13225 76176 89401\n",
            "13456 7569 21025\n",
            "13456 700569 714025\n",
            "13689 1936 15625\n",
            "13689 24336 38025\n",
            "13689 57600 71289\n",
            "13689 270400 284089\n",
            "13689 571536 585225\n",
            "14161 14400 28561\n",
            "14161 166464 180625\n",
            "14400 484 14884\n",
            "14400 729 15129\n",
            "14400 1225 15625\n",
            "14400 2500 16900\n",
            "14400 4096 18496\n",
            "14400 8100 22500\n",
            "14400 14161 28561\n",
            "14400 15876 30276\n",
            "14400 25600 40000\n",
            "14400 33124 47524\n",
            "14400 43681 58081\n",
            "14400 50625 65025\n",
            "14400 82944 97344\n",
            "14400 122500 136900\n",
            "14400 152881 167281\n",
            "14400 195364 209764\n",
            "14400 352836 367236\n",
            "14400 511225 525625\n",
            "14400 802816 817216\n",
            "14641 435600 450241\n",
            "15129 26896 42025\n",
            "15129 698896 714025\n",
            "15376 8649 24025\n",
            "15376 915849 931225\n",
            "15625 90000 105625\n",
            "15876 1024 16900\n",
            "15876 14400 30276\n",
            "15876 28224 44100\n",
            "15876 186624 202500\n",
            "15876 313600 329476\n",
            "16384 9216 25600\n",
            "16384 57600 73984\n",
            "16384 254016 270400\n",
            "16641 29584 46225\n",
            "16641 846400 863041\n",
            "16900 20736 37636\n",
            "16900 97344 114244\n",
            "16900 705600 722500\n",
            "17424 3025 20449\n",
            "17424 7225 24649\n",
            "17424 9801 27225\n",
            "17424 30976 48400\n",
            "17424 50176 67600\n",
            "17424 123201 140625\n",
            "17424 148225 165649\n",
            "17424 225625 243049\n",
            "17424 518400 535824\n",
            "17689 24336 42025\n",
            "17689 207936 225625\n",
            "18225 5184 23409\n",
            "18225 7056 25281\n",
            "18225 32400 50625\n",
            "18225 104976 123201\n",
            "18225 123904 142129\n",
            "18225 360000 378225\n",
            "18496 10404 28900\n",
            "18496 65025 83521\n",
            "18496 74529 93025\n",
            "18496 324900 343396\n",
            "19044 33856 52900\n",
            "19044 270400 289444\n",
            "19600 2304 21904\n",
            "19600 2601 22201\n",
            "19600 11025 30625\n",
            "19600 21609 41209\n",
            "19600 29241 48841\n",
            "19600 50625 70225\n",
            "19600 112896 132496\n",
            "19600 230400 250000\n",
            "19600 480249 499849\n",
            "19600 950625 970225\n",
            "19881 35344 55225\n",
            "20449 576 21025\n",
            "20449 608400 628849\n",
            "20449 853776 874225\n",
            "20736 289 21025\n",
            "20736 1764 22500\n",
            "20736 3600 24336\n",
            "20736 11664 32400\n",
            "20736 16900 37636\n",
            "20736 27225 47961\n",
            "20736 36864 57600\n",
            "20736 72900 93636\n",
            "20736 94864 115600\n",
            "20736 176400 197136\n",
            "20736 321489 342225\n",
            "20736 409600 430336\n",
            "20736 736164 756900\n",
            "21025 121104 142129\n",
            "21025 166464 187489\n",
            "21609 19600 41209\n",
            "21609 38416 60025\n",
            "21609 254016 275625\n",
            "21904 12321 34225\n",
            "22500 6400 28900\n",
            "22500 40000 62500\n",
            "22500 129600 152100\n",
            "22500 379456 401956\n",
            "23104 12996 36100\n",
            "23104 81225 104329\n",
            "23104 119025 142129\n",
            "23104 509796 532900\n",
            "23409 10816 34225\n",
            "23409 41616 65025\n",
            "23409 176400 199809\n",
            "23409 462400 485809\n",
            "23716 5184 28900\n",
            "23716 278784 302500\n",
            "23716 705600 729316\n",
            "24025 138384 162409\n",
            "24025 219024 243049\n",
            "24336 4225 28561\n",
            "24336 13689 38025\n",
            "24336 17689 42025\n",
            "24336 43264 67600\n",
            "24336 102400 126736\n",
            "24336 207025 231361\n",
            "24336 245025 269361\n",
            "24336 444889 469225\n",
            "25281 44944 70225\n",
            "25600 1296 26896\n",
            "25600 6084 31684\n",
            "25600 14400 40000\n",
            "25600 28224 53824\n",
            "25600 53361 78961\n",
            "25600 90000 115600\n",
            "25600 147456 173056\n",
            "25600 396900 422500\n",
            "25600 627264 652864\n",
            "25921 57600 83521\n",
            "25921 304704 330625\n",
            "26244 46656 72900\n",
            "26244 518400 544644\n",
            "26896 15129 42025\n",
            "27225 2704 29929\n",
            "27225 7744 34969\n",
            "27225 20736 47961\n",
            "27225 48400 75625\n",
            "27225 78400 105625\n",
            "27225 156816 184041\n",
            "27225 283024 310249\n",
            "27225 810000 837225\n",
            "28224 676 28900\n",
            "28224 2401 30625\n",
            "28224 4900 33124\n",
            "28224 9025 37249\n",
            "28224 9801 38025\n",
            "28224 15876 44100\n",
            "28224 25600 53824\n",
            "28224 50176 78400\n",
            "28224 72900 101124\n",
            "28224 99225 127449\n",
            "28224 139876 168100\n",
            "28224 180625 208849\n",
            "28224 240100 268324\n",
            "28224 331776 360000\n",
            "28224 600625 628849\n",
            "28224 763876 792100\n",
            "28900 69696 98596\n",
            "28900 166464 195364\n",
            "29241 19600 48841\n",
            "29241 51984 81225\n",
            "29241 278784 308025\n",
            "29241 577600 606841\n",
            "29584 16641 46225\n",
            "30276 53824 84100\n",
            "30276 692224 722500\n",
            "30625 3600 34225\n",
            "30625 82944 113569\n",
            "30625 176400 207025\n",
            "30625 360000 390625\n",
            "30976 3249 34225\n",
            "30976 17424 48400\n",
            "30976 44100 75076\n",
            "30976 108900 139876\n",
            "30976 219024 250000\n",
            "30976 480249 511225\n",
            "30976 921600 952576\n",
            "31329 55696 87025\n",
            "32400 361 32761\n",
            "32400 1089 33489\n",
            "32400 5625 38025\n",
            "32400 9216 41616\n",
            "32400 12544 44944\n",
            "32400 18225 50625\n",
            "32400 35721 68121\n",
            "32400 57600 90000\n",
            "32400 74529 106929\n",
            "32400 89401 121801\n",
            "32400 148225 180625\n",
            "32400 186624 219024\n",
            "32400 275625 308025\n",
            "32400 439569 471969\n",
            "32400 640000 672400\n",
            "32400 793881 826281\n",
            "33124 14400 47524\n",
            "33124 389376 422500\n",
            "33489 59536 93025\n",
            "33856 19044 52900\n",
            "33856 119025 152881\n",
            "33856 263169 297025\n",
            "34225 197136 231361\n",
            "34225 451584 485809\n",
            "34596 61504 96100\n",
            "34596 906304 940900\n",
            "34969 7056 42025\n",
            "35344 19881 55225\n",
            "35721 2304 38025\n",
            "35721 32400 68121\n",
            "35721 63504 99225\n",
            "35721 115600 151321\n",
            "35721 419904 455625\n",
            "35721 705600 741321\n",
            "36100 112896 148996\n",
            "36100 207936 244036\n",
            "36864 3136 40000\n",
            "36864 6400 43264\n",
            "36864 20736 57600\n",
            "36864 48400 85264\n",
            "36864 65536 102400\n",
            "36864 129600 166464\n",
            "36864 244036 280900\n",
            "36864 313600 350464\n",
            "36864 571536 608400\n",
            "38025 784 38809\n",
            "38025 10816 48841\n",
            "38025 46656 84681\n",
            "38025 67600 105625\n",
            "38025 160000 198025\n",
            "38025 219024 257049\n",
            "38025 559504 597529\n",
            "38416 21609 60025\n",
            "38416 99225 137641\n",
            "38416 451584 490000\n",
            "39204 1600 40804\n",
            "39204 69696 108900\n",
            "39204 112896 152100\n",
            "39204 774400 813604\n",
            "40000 2025 42025\n",
            "40000 22500 62500\n",
            "40000 44100 84100\n",
            "40000 140625 180625\n",
            "40000 230400 270400\n",
            "40000 370881 410881\n",
            "40401 71824 112225\n",
            "41209 156816 198025\n",
            "41209 484416 525625\n",
            "41616 7225 48841\n",
            "41616 23409 65025\n",
            "41616 64009 105625\n",
            "41616 73984 115600\n",
            "41616 313600 355216\n",
            "41616 354025 395641\n",
            "41616 731025 772641\n",
            "42025 242064 284089\n",
            "42025 685584 727609\n",
            "42849 50176 93025\n",
            "42849 76176 119025\n",
            "42849 608400 651249\n",
            "42849 846400 889249\n",
            "43264 11025 54289\n",
            "43264 24336 67600\n",
            "43264 93636 136900\n",
            "43264 152100 195364\n",
            "43264 435600 478864\n",
            "43264 670761 714025\n",
            "43681 14400 58081\n",
            "44100 5184 49284\n",
            "44100 12544 56644\n",
            "44100 30976 75076\n",
            "44100 40000 84100\n",
            "44100 78400 122500\n",
            "44100 173056 217156\n",
            "44100 254016 298116\n",
            "44100 518400 562500\n",
            "44944 25281 70225\n",
            "45369 80656 126025\n",
            "46225 266256 312481\n",
            "46225 831744 877969\n",
            "46656 3969 50625\n",
            "46656 8100 54756\n",
            "46656 26244 72900\n",
            "46656 38025 84681\n",
            "46656 82944 129600\n",
            "46656 164025 210681\n",
            "46656 213444 260100\n",
            "46656 396900 443556\n",
            "46656 508369 555025\n",
            "46656 921600 968256\n",
            "47089 207936 255025\n",
            "47089 553536 600625\n",
            "47961 85264 133225\n",
            "48400 441 48841\n",
            "48400 27225 75625\n",
            "48400 36864 85264\n",
            "48400 53361 101761\n",
            "48400 210681 259081\n",
            "48400 278784 327184\n",
            "48400 342225 390625\n",
            "48841 3600 52441\n",
            "49284 87616 136900\n",
            "50176 900 51076\n",
            "50176 17424 67600\n",
            "50176 28224 78400\n",
            "50176 42849 93025\n",
            "50176 129600 179776\n",
            "50176 176400 226576\n",
            "50176 589824 640000\n",
            "50176 777924 828100\n",
            "50625 14400 65025\n",
            "50625 19600 70225\n",
            "50625 73984 124609\n",
            "50625 90000 140625\n",
            "50625 291600 342225\n",
            "50625 853776 904401\n",
            "51984 9025 61009\n",
            "51984 29241 81225\n",
            "51984 92416 144400\n",
            "51984 105625 157609\n",
            "51984 442225 494209\n",
            "51984 495616 547600\n",
            "52900 254016 306916\n",
            "52900 304704 357604\n",
            "53361 11664 65025\n",
            "53361 25600 78961\n",
            "53361 48400 101761\n",
            "53361 94864 148225\n",
            "53361 153664 207025\n",
            "53361 270400 323761\n",
            "53361 627264 680625\n",
            "53824 30276 84100\n",
            "53824 189225 243049\n",
            "53824 680625 734449\n",
            "54756 7744 62500\n",
            "54756 97344 152100\n",
            "54756 230400 285156\n",
            "55225 318096 373321\n",
            "55696 31329 87025\n",
            "56169 99856 156025\n",
            "56644 57600 114244\n",
            "56644 665856 722500\n",
            "57600 1936 59536\n",
            "57600 2916 60516\n",
            "57600 4900 62500\n",
            "57600 10000 67600\n",
            "57600 13689 71289\n",
            "57600 16384 73984\n",
            "57600 25921 83521\n",
            "57600 32400 90000\n",
            "57600 56644 114244\n",
            "57600 63504 121104\n",
            "57600 75625 133225\n",
            "57600 102400 160000\n",
            "57600 132496 190096\n",
            "57600 174724 232324\n",
            "57600 202500 260100\n",
            "57600 303601 361201\n",
            "57600 331776 389376\n",
            "57600 490000 547600\n",
            "57600 611524 669124\n",
            "57600 781456 839056\n",
            "57600 893025 950625\n",
            "59049 104976 164025\n",
            "59536 33489 93025\n",
            "60025 7056 67081\n",
            "60025 345744 405769\n",
            "60025 705600 765625\n",
            "60516 107584 168100\n",
            "61009 9216 70225\n",
            "61504 34596 96100\n",
            "61504 216225 277729\n",
            "61504 893025 954529\n",
            "62001 110224 172225\n",
            "62500 360000 422500\n",
            "63504 1521 65025\n",
            "63504 4096 67600\n",
            "63504 11025 74529\n",
            "63504 13225 76729\n",
            "63504 35721 99225\n",
            "63504 57600 121104\n",
            "63504 75625 139129\n",
            "63504 112896 176400\n",
            "63504 164025 227529\n",
            "63504 290521 354025\n",
            "63504 314721 378225\n",
            "63504 540225 603729\n",
            "63504 746496 810000\n",
            "64009 41616 105625\n",
            "65025 1024 66049\n",
            "65025 18496 83521\n",
            "65025 115600 180625\n",
            "65025 156816 221841\n",
            "65025 374544 439569\n",
            "65025 490000 555025\n",
            "65536 36864 102400\n",
            "65536 230400 295936\n",
            "66564 118336 184900\n",
            "67081 435600 502681\n",
            "67081 788544 855625\n",
            "67600 4761 72361\n",
            "67600 38025 105625\n",
            "67600 74529 142129\n",
            "67600 82944 150544\n",
            "67600 389376 456976\n",
            "67600 423801 491401\n",
            "67600 680625 748225\n",
            "68121 121104 189225\n",
            "68121 144400 212521\n",
            "69696 529 70225\n",
            "69696 5929 75625\n",
            "69696 12100 81796\n",
            "69696 28900 98596\n",
            "69696 39204 108900\n",
            "69696 99225 168921\n",
            "69696 123904 193600\n",
            "69696 200704 270400\n",
            "69696 245025 314721\n",
            "69696 492804 562500\n",
            "69696 592900 662596\n",
            "69696 902500 972196\n",
            "70225 404496 474721\n",
            "70756 97344 168100\n",
            "70756 831744 902500\n",
            "71289 126736 198025\n",
            "71824 40401 112225\n",
            "72900 20736 93636\n",
            "72900 28224 101124\n",
            "72900 129600 202500\n",
            "72900 419904 492804\n",
            "72900 495616 568516\n",
            "73984 41616 115600\n",
            "73984 50625 124609\n",
            "73984 260100 334084\n",
            "73984 298116 372100\n",
            "74529 18496 93025\n",
            "74529 32400 106929\n",
            "74529 67600 142129\n",
            "74529 132496 207025\n",
            "74529 313600 388129\n",
            "74529 541696 616225\n",
            "74529 876096 950625\n",
            "75625 57600 133225\n",
            "75625 63504 139129\n",
            "75625 435600 511225\n",
            "76176 13225 89401\n",
            "76176 42849 119025\n",
            "76176 135424 211600\n",
            "76176 243049 319225\n",
            "76176 648025 724201\n",
            "77841 138384 216225\n",
            "77841 193600 271441\n",
            "78400 3969 82369\n",
            "78400 9216 87616\n",
            "78400 10404 88804\n",
            "78400 27225 105625\n",
            "78400 44100 122500\n",
            "78400 86436 164836\n",
            "78400 116964 195364\n",
            "78400 123201 201601\n",
            "78400 202500 280900\n",
            "78400 275625 354025\n",
            "78400 451584 529984\n",
            "78400 576081 654481\n",
            "78400 921600 1000000\n",
            "79524 141376 220900\n",
            "80656 45369 126025\n",
            "81225 4624 85849\n",
            "81225 23104 104329\n",
            "81225 144400 225625\n",
            "81225 254016 335241\n",
            "81225 467856 549081\n",
            "81225 774400 855625\n",
            "81796 2304 84100\n",
            "82369 665856 748225\n",
            "82944 1156 84100\n",
            "82944 7056 90000\n",
            "82944 14400 97344\n",
            "82944 30625 113569\n",
            "82944 46656 129600\n",
            "82944 67600 150544\n",
            "82944 108900 191844\n",
            "82944 147456 230400\n",
            "82944 291600 374544\n",
            "82944 379456 462400\n",
            "82944 549081 632025\n",
            "82944 705600 788544\n",
            "84100 484416 568516\n",
            "84100 665856 749956\n",
            "84681 150544 235225\n",
            "85264 47961 133225\n",
            "86436 78400 164836\n",
            "86436 153664 240100\n",
            "87025 501264 588289\n",
            "87616 49284 136900\n",
            "87616 308025 395641\n",
            "88209 3600 91809\n",
            "88209 92416 180625\n",
            "88209 156816 245025\n",
            "88209 254016 342225\n",
            "89401 32400 121801\n",
            "90000 3025 93025\n",
            "90000 15625 105625\n",
            "90000 25600 115600\n",
            "90000 50625 140625\n",
            "90000 99225 189225\n",
            "90000 160000 250000\n",
            "90000 207025 297025\n",
            "90000 346921 436921\n",
            "90000 518400 608400\n",
            "90000 765625 855625\n",
            "90601 810000 900601\n",
            "91809 163216 255025\n",
            "92416 51984 144400\n",
            "92416 88209 180625\n",
            "92416 324900 417316\n",
            "92416 476100 568516\n",
            "93025 535824 628849\n",
            "93636 43264 136900\n",
            "93636 166464 260100\n",
            "93636 705600 799236\n",
            "94864 5625 100489\n",
            "94864 20736 115600\n",
            "94864 53361 148225\n",
            "94864 189225 284089\n",
            "94864 245025 339889\n",
            "94864 670761 765625\n",
            "95481 169744 265225\n",
            "96100 553536 649636\n",
            "96100 876096 972196\n",
            "97344 625 97969\n",
            "97344 8281 105625\n",
            "97344 16900 114244\n",
            "97344 54756 152100\n",
            "97344 70756 168100\n",
            "97344 173056 270400\n",
            "97344 210681 308025\n",
            "97344 342225 439569\n",
            "97344 409600 506944\n",
            "97344 828100 925444\n",
            "99225 6400 105625\n",
            "99225 11664 110889\n",
            "99225 28224 127449\n",
            "99225 38416 137641\n",
            "99225 69696 168921\n",
            "99225 90000 189225\n",
            "99225 176400 275625\n",
            "99225 327184 426409\n",
            "99225 389376 488601\n",
            "99225 571536 670761\n",
            "99856 56169 156025\n",
            "101124 179776 280900\n",
            "101761 129600 231361\n",
            "102400 5184 107584\n",
            "102400 24336 126736\n",
            "102400 57600 160000\n",
            "102400 112896 215296\n",
            "102400 213444 315844\n",
            "102400 360000 462400\n",
            "102400 589824 692224\n",
            "103041 183184 286225\n",
            "103684 230400 334084\n",
            "104329 1296 105625\n",
            "104976 18225 123201\n",
            "104976 59049 164025\n",
            "104976 186624 291600\n",
            "104976 480249 585225\n",
            "104976 893025 998001\n",
            "105625 51984 157609\n",
            "105625 129600 235225\n",
            "105625 608400 714025\n",
            "106929 190096 297025\n",
            "107584 60516 168100\n",
            "107584 378225 485809\n",
            "108900 10816 119716\n",
            "108900 30976 139876\n",
            "108900 82944 191844\n",
            "108900 193600 302500\n",
            "108900 313600 422500\n",
            "108900 627264 736164\n",
            "110224 62001 172225\n",
            "110889 197136 308025\n",
            "110889 414736 525625\n",
            "112225 646416 758641\n",
            "112896 2025 114921\n",
            "112896 2704 115600\n",
            "112896 9604 122500\n",
            "112896 19600 132496\n",
            "112896 36100 148996\n",
            "112896 39204 152100\n",
            "112896 63504 176400\n",
            "112896 102400 215296\n",
            "112896 142129 255025\n",
            "112896 148225 261121\n",
            "112896 200704 313600\n",
            "112896 277729 390625\n",
            "112896 291600 404496\n",
            "112896 396900 509796\n",
            "112896 559504 672400\n",
            "112896 722500 835396\n",
            "114921 204304 319225\n",
            "115600 35721 151321\n",
            "115600 65025 180625\n",
            "115600 127449 243049\n",
            "115600 278784 394384\n",
            "115600 665856 781456\n",
            "116281 176400 292681\n",
            "116964 78400 195364\n",
            "116964 207936 324900\n",
            "118336 66564 184900\n",
            "118336 416025 534361\n",
            "119025 23104 142129\n",
            "119025 33856 152881\n",
            "119025 211600 330625\n",
            "119025 571536 690561\n",
            "119025 685584 804609\n",
            "121104 21025 142129\n",
            "121104 68121 189225\n",
            "121104 215296 336400\n",
            "121104 648025 769129\n",
            "122500 14400 136900\n",
            "122500 331776 454276\n",
            "122500 705600 828100\n",
            "123201 17424 140625\n",
            "123201 78400 201601\n",
            "123201 219024 342225\n",
            "123201 518400 641601\n",
            "123904 12996 136900\n",
            "123904 18225 142129\n",
            "123904 69696 193600\n",
            "123904 176400 300304\n",
            "123904 435600 559504\n",
            "123904 876096 1000000\n",
            "125316 222784 348100\n",
            "126025 725904 851929\n",
            "126736 71289 198025\n",
            "127449 5776 133225\n",
            "127449 115600 243049\n",
            "127449 129600 257049\n",
            "127449 226576 354025\n",
            "129600 1444 131044\n",
            "129600 4356 133956\n",
            "129600 6561 136161\n",
            "129600 11025 140625\n",
            "129600 22500 152100\n",
            "129600 36864 166464\n",
            "129600 50176 179776\n",
            "129600 72900 202500\n",
            "129600 101761 231361\n",
            "129600 105625 235225\n",
            "129600 127449 257049\n",
            "129600 142884 272484\n",
            "129600 230400 360000\n",
            "129600 298116 427716\n",
            "129600 357604 487204\n",
            "129600 393129 522729\n",
            "129600 455625 585225\n",
            "129600 592900 722500\n",
            "129600 746496 876096\n",
            "131769 234256 366025\n",
            "131769 379456 511225\n",
            "132496 729 133225\n",
            "132496 57600 190096\n",
            "132496 74529 207025\n",
            "132496 342225 474721\n",
            "132496 393129 525625\n",
            "133225 767376 900601\n",
            "133956 238144 372100\n",
            "135424 76176 211600\n",
            "135424 216225 351649\n",
            "135424 476100 611524\n",
            "136161 242064 378225\n",
            "136161 640000 776161\n",
            "136900 788544 925444\n",
            "138384 24025 162409\n",
            "138384 77841 216225\n",
            "138384 246016 384400\n",
            "138384 855625 994009\n",
            "139876 28224 168100\n",
            "140625 40000 180625\n",
            "140625 250000 390625\n",
            "140625 810000 950625\n",
            "141376 79524 220900\n",
            "141376 497025 638401\n",
            "142129 112896 255025\n",
            "142884 9216 152100\n",
            "142884 129600 272484\n",
            "142884 254016 396900\n",
            "142884 462400 605284\n",
            "144400 68121 212521\n",
            "144400 81225 225625\n",
            "144400 159201 303601\n",
            "144400 451584 595984\n",
            "144400 831744 976144\n",
            "145161 258064 403225\n",
            "147456 12544 160000\n",
            "147456 25600 173056\n",
            "147456 82944 230400\n",
            "147456 193600 341056\n",
            "147456 262144 409600\n",
            "147456 518400 665856\n",
            "148225 17424 165649\n",
            "148225 32400 180625\n",
            "148225 112896 261121\n",
            "148225 304704 452929\n",
            "149769 266256 416025\n",
            "149769 781456 931225\n",
            "150544 84681 235225\n",
            "152100 3136 155236\n",
            "152100 43264 195364\n",
            "152100 186624 338724\n",
            "152100 270400 422500\n",
            "152100 640000 792100\n",
            "152881 14400 167281\n",
            "153664 53361 207025\n",
            "153664 86436 240100\n",
            "153664 396900 550564\n",
            "153664 540225 693889\n",
            "154449 274576 429025\n",
            "156816 6400 163216\n",
            "156816 27225 184041\n",
            "156816 41209 198025\n",
            "156816 65025 221841\n",
            "156816 88209 245025\n",
            "156816 162409 319225\n",
            "156816 278784 435600\n",
            "156816 451584 608400\n",
            "156816 717409 874225\n",
            "159201 1600 160801\n",
            "159201 144400 303601\n",
            "159201 219024 378225\n",
            "159201 283024 442225\n",
            "160000 8100 168100\n",
            "160000 38025 198025\n",
            "160000 90000 250000\n",
            "160000 176400 336400\n",
            "160000 314721 474721\n",
            "160000 562500 722500\n",
            "161604 287296 448900\n",
            "162409 156816 319225\n",
            "163216 91809 255025\n",
            "164025 46656 210681\n",
            "164025 63504 227529\n",
            "164025 291600 455625\n",
            "164836 627264 792100\n",
            "165649 389376 555025\n",
            "166464 14161 180625\n",
            "166464 21025 187489\n",
            "166464 28900 195364\n",
            "166464 93636 260100\n",
            "166464 256036 422500\n",
            "166464 295936 462400\n",
            "166464 585225 751689\n",
            "166464 670761 837225\n",
